// index, [cell_x, cell_y, pad_x, pad_y], offset_x, width, "char"
[   0, [   0,    0,  0,  0],  0,  7, "\u0000"],
[   1, [   8,    0,  0,  0],  0,  7, "月"],
[   2, [  16,    0,  0,  0],  0,  7, "火"],
[   3, [  24,    0,  0,  0],  0,  7, "水"],
[   4, [  32,    0,  0,  0],  0,  7, "木"],
[   5, [  40,    0,  0,  0],  0,  7, "金"],
[   6, [  48,    0,  0,  0],  0,  7, "土"],
[   7, [  56,    0,  0,  0],  1,  6, "日"],
[   8, [  64,    0,  0,  0],  1,  6, "年"],
[   9, [  72,    0,  0,  0],  0,  7, "円"],
[  10, [  80,    0,  0,  0],  0,  8, "時"],
[  11, [  88,    0,  0,  0],  0,  7, "分"],
[  12, [  96,    0,  0,  0],  0,  7, "秒"],
[  13, [ 104,    0,  0,  0],  1,  5, "百"],
[  14, [ 112,    0,  0,  0],  0,  7, "千"],
[  15, [ 120,    0,  0,  0],  1,  6, "万"],
[  16, [ 128,    0,  0,  0],  1,  6, "π"],
[  17, [ 136,    0,  0,  0],  0,  8, "┴"],
[  18, [ 144,    0,  0,  0],  0,  8, "┬"],
[  19, [ 152,    0,  0,  0],  0,  4, "┤"],
[  20, [ 160,    0,  0,  0],  3,  5, "├"],
[  21, [ 168,    0,  0,  0],  0,  8, "┼"],
[  22, [ 176,    0,  0,  0],  3,  1, "│"],
[  23, [ 184,    0,  0,  0],  0,  8, "─"],
[  24, [ 192,    0,  0,  0],  3,  5, "┌"],
[  25, [ 200,    0,  0,  0],  0,  4, "┐"],
[  26, [ 208,    0,  0,  0],  3,  5, "└"],
[  27, [ 216,    0,  0,  0],  0,  4, "┘"],
[  28, [ 224,    0,  0,  0],  0,  8, "╳"],
[  29, [ 232,    0,  0,  0],  0,  7, "大"],
[  30, [ 240,    0,  0,  0],  0,  7, "中"],
[  31, [ 248,    0,  0,  0],  0,  7, "小"],
[  32, [   0,    8,  0,  0],  0,  0, " "],
[  33, [   8,    8,  0,  0],  2,  1, "!"],
[  34, [  16,    8,  0,  0],  1,  3, "\""],
[  35, [  24,    8,  0,  0],  0,  5, "#"],
[  36, [  32,    8,  0,  0],  0,  5, "$"],
[  37, [  40,    8,  0,  0],  0,  5, "%"],
[  38, [  48,    8,  0,  0],  0,  5, "&"],
[  39, [  56,    8,  0,  0],  1,  3, "'"],
[  40, [  64,    8,  0,  0],  1,  3, "("],
[  41, [  72,    8,  0,  0],  1,  3, ")"],
[  42, [  80,    8,  0,  0],  0,  5, "*"],
[  43, [  88,    8,  0,  0],  0,  5, "+"],
[  44, [  96,    8,  0,  0],  1,  2, ","],
[  45, [ 104,    8,  0,  0],  1,  4, "-"],
[  46, [ 112,    8,  0,  0],  1,  2, "."],
[  47, [ 120,    8,  0,  0],  0,  5, "/"],
[  48, [ 128,    8,  0,  0],  0,  5, "0"],
[  49, [ 136,    8,  0,  0],  0,  5, "1"],
[  50, [ 144,    8,  0,  0],  0,  5, "2"],
[  51, [ 152,    8,  0,  0],  0,  5, "3"],
[  52, [ 160,    8,  0,  0],  0,  5, "4"],
[  53, [ 168,    8,  0,  0],  0,  5, "5"],
[  54, [ 176,    8,  0,  0],  0,  5, "6"],
[  55, [ 184,    8,  0,  0],  0,  5, "7"],
[  56, [ 192,    8,  0,  0],  0,  5, "8"],
[  57, [ 200,    8,  0,  0],  0,  5, "9"],
[  58, [ 208,    8,  0,  0],  2,  1, ":"],
[  59, [ 216,    8,  0,  0],  1,  2, ";"],
[  60, [ 224,    8,  0,  0],  0,  5, "<"],
[  61, [ 232,    8,  0,  0],  0,  5, "="],
[  62, [ 240,    8,  0,  0],  0,  5, ">"],
[  63, [ 248,    8,  0,  0],  0,  5, "?"],
[  64, [   0,   16,  0,  0],  0,  5, "@"],
[  65, [   8,   16,  0,  0],  0,  5, "A"],
[  66, [  16,   16,  0,  0],  0,  5, "B"],
[  67, [  24,   16,  0,  0],  0,  5, "C"],
[  68, [  32,   16,  0,  0],  0,  5, "D"],
[  69, [  40,   16,  0,  0],  0,  5, "E"],
[  70, [  48,   16,  0,  0],  0,  5, "F"],
[  71, [  56,   16,  0,  0],  0,  5, "G"],
[  72, [  64,   16,  0,  0],  0,  5, "H"],
[  73, [  72,   16,  0,  0],  1,  3, "I"],
[  74, [  80,   16,  0,  0],  0,  5, "J"],
[  75, [  88,   16,  0,  0],  0,  5, "K"],
[  76, [  96,   16,  0,  0],  0,  5, "L"],
[  77, [ 104,   16,  0,  0],  0,  5, "M"],
[  78, [ 112,   16,  0,  0],  0,  5, "N"],
[  79, [ 120,   16,  0,  0],  0,  5, "O"],
[  80, [ 128,   16,  0,  0],  0,  5, "P"],
[  81, [ 136,   16,  0,  0],  0,  5, "Q"],
[  82, [ 144,   16,  0,  0],  0,  5, "R"],
[  83, [ 152,   16,  0,  0],  0,  5, "S"],
[  84, [ 160,   16,  0,  0],  0,  5, "T"],
[  85, [ 168,   16,  0,  0],  0,  5, "U"],
[  86, [ 176,   16,  0,  0],  0,  5, "V"],
[  87, [ 184,   16,  0,  0],  0,  5, "W"],
[  88, [ 192,   16,  0,  0],  0,  5, "X"],
[  89, [ 200,   16,  0,  0],  0,  5, "Y"],
[  90, [ 208,   16,  0,  0],  0,  5, "Z"],
[  91, [ 216,   16,  0,  0],  1,  3, "["],
[  92, [ 224,   16,  0,  0],  0,  5, "\\"],
[  93, [ 232,   16,  0,  0],  1,  3, "]"],
[  94, [ 240,   16,  0,  0],  0,  5, "^"],
[  95, [ 248,   16,  0,  0],  0,  5, "_"],
[  96, [   0,   24,  0,  0],  1,  3, "`"],
[  97, [   8,   24,  0,  0],  0,  5, "a"],
[  98, [  16,   24,  0,  0],  0,  5, "b"],
[  99, [  24,   24,  0,  0],  0,  5, "c"],
[ 100, [  32,   24,  0,  0],  0,  5, "d"],
[ 101, [  40,   24,  0,  0],  0,  5, "e"],
[ 102, [  48,   24,  0,  0],  0,  5, "f"],
[ 103, [  56,   24,  0,  0],  0,  5, "g"],
[ 104, [  64,   24,  0,  0],  0,  5, "h"],
[ 105, [  72,   24,  0,  0],  1,  3, "i"],
[ 106, [  80,   24,  0,  0],  0,  4, "j"],
[ 107, [  88,   24,  0,  0],  1,  4, "k"],
[ 108, [  96,   24,  0,  0],  1,  3, "l"],
[ 109, [ 104,   24,  0,  0],  0,  5, "m"],
[ 110, [ 112,   24,  0,  0],  0,  5, "n"],
[ 111, [ 120,   24,  0,  0],  0,  5, "o"],
[ 112, [ 128,   24,  0,  0],  0,  5, "p"],
[ 113, [ 136,   24,  0,  0],  0,  5, "q"],
[ 114, [ 144,   24,  0,  0],  0,  5, "r"],
[ 115, [ 152,   24,  0,  0],  0,  5, "s"],
[ 116, [ 160,   24,  0,  0],  0,  5, "t"],
[ 117, [ 168,   24,  0,  0],  0,  5, "u"],
[ 118, [ 176,   24,  0,  0],  0,  5, "v"],
[ 119, [ 184,   24,  0,  0],  0,  5, "w"],
[ 120, [ 192,   24,  0,  0],  0,  5, "x"],
[ 121, [ 200,   24,  0,  0],  0,  5, "y"],
[ 122, [ 208,   24,  0,  0],  0,  5, "z"],
[ 123, [ 216,   24,  0,  0],  1,  4, "{"],
[ 124, [ 224,   24,  0,  0],  2,  1, "|"],
[ 125, [ 232,   24,  0,  0],  0,  4, "}"],
[ 126, [ 240,   24,  0,  0],  0,  5, "~"],
[ 127, [ 248,   24,  0,  0],  0,  7, "\u007F"],
[ 128, [   0,   32,  0,  0],  0,  7, "♠"],
[ 129, [   8,   32,  0,  0],  0,  7, "♥"],
[ 130, [  16,   32,  0,  0],  0,  7, "♣"],
[ 131, [  24,   32,  0,  0],  0,  7, "♦"],
[ 132, [  32,   32,  0,  0],  0,  6, "○"],
[ 133, [  40,   32,  0,  0],  0,  6, "●"],
[ 134, [  48,   32,  0,  0],  0,  6, "を"],
[ 135, [  56,   32,  0,  0],  0,  6, "ぁ"],
[ 136, [  64,   32,  0,  0],  0,  6, "ぃ"],
[ 137, [  72,   32,  0,  0],  0,  5, "ぅ"],
[ 138, [  80,   32,  0,  0],  0,  5, "ぇ"],
[ 139, [  88,   32,  0,  0],  0,  6, "ぉ"],
[ 140, [  96,   32,  0,  0],  0,  6, "ゃ"],
[ 141, [ 104,   32,  0,  0],  0,  6, "ゅ"],
[ 142, [ 112,   32,  0,  0],  0,  6, "ょ"],
[ 143, [ 120,   32,  0,  0],  1,  5, "っ"],
[ 144, [ 128,   32,  0,  0],  0,  7, "\u0090"],
[ 145, [ 136,   32,  0,  0],  0,  7, "あ"],
[ 146, [ 144,   32,  0,  0],  0,  7, "い"],
[ 147, [ 152,   32,  0,  0],  1,  5, "う"],
[ 148, [ 160,   32,  0,  0],  0,  6, "え"],
[ 149, [ 168,   32,  0,  0],  0,  7, "お"],
[ 150, [ 176,   32,  0,  0],  0,  7, "か"],
[ 151, [ 184,   32,  0,  0],  0,  6, "き"],
[ 152, [ 192,   32,  0,  0],  1,  4, "く"],
[ 153, [ 200,   32,  0,  0],  0,  7, "け"],
[ 154, [ 208,   32,  0,  0],  0,  6, "こ"],
[ 155, [ 216,   32,  0,  0],  0,  7, "さ"],
[ 156, [ 224,   32,  0,  0],  0,  6, "し"],
[ 157, [ 232,   32,  0,  0],  0,  7, "す"],
[ 158, [ 240,   32,  0,  0],  0,  7, "せ"],
[ 159, [ 248,   32,  0,  0],  0,  7, "そ"],
[ 160, [   0,   40,  0,  0],  0,  7, " "],
[ 161, [   8,   40,  0,  0],  0,  4, "。"],
[ 162, [  16,   40,  0,  0],  2,  3, "「"],
[ 163, [  24,   40,  0,  0],  0,  3, "」"],
[ 164, [  32,   40,  0,  0],  0,  3, "、"],
[ 165, [  40,   40,  0,  0],  2,  2, "・"],
[ 166, [  48,   40,  0,  0],  0,  5, "ヲ"],
[ 167, [  56,   40,  0,  0],  0,  4, "ァ"],
[ 168, [  64,   40,  0,  0],  0,  4, "ィ"],
[ 169, [  72,   40,  0,  0],  0,  4, "ゥ"],
[ 170, [  80,   40,  0,  0],  0,  4, "ェ"],
[ 171, [  88,   40,  0,  0],  0,  4, "ォ"],
[ 172, [  96,   40,  0,  0],  0,  5, "ャ"],
[ 173, [ 104,   40,  0,  0],  0,  5, "ュ"],
[ 174, [ 112,   40,  0,  0],  0,  4, "ョ"],
[ 175, [ 120,   40,  0,  0],  0,  5, "ッ"],
[ 176, [ 128,   40,  0,  0],  0,  6, "ー"],
[ 177, [ 136,   40,  0,  0],  0,  5, "ア"],
[ 178, [ 144,   40,  0,  0],  0,  5, "イ"],
[ 179, [ 152,   40,  0,  0],  0,  5, "ウ"],
[ 180, [ 160,   40,  0,  0],  0,  5, "エ"],
[ 181, [ 168,   40,  0,  0],  0,  5, "オ"],
[ 182, [ 176,   40,  0,  0],  0,  5, "カ"],
[ 183, [ 184,   40,  0,  0],  0,  5, "キ"],
[ 184, [ 192,   40,  0,  0],  0,  5, "ク"],
[ 185, [ 200,   40,  0,  0],  0,  5, "ケ"],
[ 186, [ 208,   40,  0,  0],  0,  5, "コ"],
[ 187, [ 216,   40,  0,  0],  0,  5, "サ"],
[ 188, [ 224,   40,  0,  0],  0,  5, "シ"],
[ 189, [ 232,   40,  0,  0],  0,  5, "ス"],
[ 190, [ 240,   40,  0,  0],  0,  5, "セ"],
[ 191, [ 248,   40,  0,  0],  0,  5, "ソ"],
[ 192, [   0,   48,  0,  0],  0,  5, "タ"],
[ 193, [   8,   48,  0,  0],  0,  5, "チ"],
[ 194, [  16,   48,  0,  0],  0,  5, "ツ"],
[ 195, [  24,   48,  0,  0],  0,  5, "テ"],
[ 196, [  32,   48,  0,  0],  1,  4, "ト"],
[ 197, [  40,   48,  0,  0],  0,  5, "ナ"],
[ 198, [  48,   48,  0,  0],  0,  5, "ニ"],
[ 199, [  56,   48,  0,  0],  0,  5, "ヌ"],
[ 200, [  64,   48,  0,  0],  0,  5, "ネ"],
[ 201, [  72,   48,  0,  0],  0,  5, "ノ"],
[ 202, [  80,   48,  0,  0],  0,  5, "ハ"],
[ 203, [  88,   48,  0,  0],  0,  5, "ヒ"],
[ 204, [  96,   48,  0,  0],  0,  5, "フ"],
[ 205, [ 104,   48,  0,  0],  0,  5, "ヘ"],
[ 206, [ 112,   48,  0,  0],  0,  5, "ホ"],
[ 207, [ 120,   48,  0,  0],  0,  5, "マ"],
[ 208, [ 128,   48,  0,  0],  0,  5, "ミ"],
[ 209, [ 136,   48,  0,  0],  0,  5, "ム"],
[ 210, [ 144,   48,  0,  0],  0,  5, "メ"],
[ 211, [ 152,   48,  0,  0],  0,  5, "モ"],
[ 212, [ 160,   48,  0,  0],  0,  5, "ヤ"],
[ 213, [ 168,   48,  0,  0],  0,  5, "ユ"],
[ 214, [ 176,   48,  0,  0],  0,  5, "ヨ"],
[ 215, [ 184,   48,  0,  0],  0,  5, "ラ"],
[ 216, [ 192,   48,  0,  0],  1,  4, "リ"],
[ 217, [ 200,   48,  0,  0],  0,  5, "ル"],
[ 218, [ 208,   48,  0,  0],  1,  4, "レ"],
[ 219, [ 216,   48,  0,  0],  0,  5, "ロ"],
[ 220, [ 224,   48,  0,  0],  0,  5, "ワ"],
[ 221, [ 232,   48,  0,  0],  0,  5, "ン"],
[ 222, [ 240,   48,  0,  0],  0,  5, "゛"],
[ 223, [ 248,   48,  0,  0],  0,  4, "゜"],
[ 224, [   0,   56,  0,  0],  0,  7, "た"],
[ 225, [   8,   56,  0,  0],  0,  7, "ち"],
[ 226, [  16,   56,  0,  0],  0,  7, "つ"],
[ 227, [  24,   56,  0,  0],  0,  7, "て"],
[ 228, [  32,   56,  0,  0],  0,  6, "と"],
[ 229, [  40,   56,  0,  0],  0,  7, "な"],
[ 230, [  48,   56,  0,  0],  0,  7, "に"],
[ 231, [  56,   56,  0,  0],  0,  7, "ぬ"],
[ 232, [  64,   56,  0,  0],  0,  7, "ね"],
[ 233, [  72,   56,  0,  0],  0,  7, "の"],
[ 234, [  80,   56,  0,  0],  0,  7, "は"],
[ 235, [  88,   56,  0,  0],  0,  7, "ひ"],
[ 236, [  96,   56,  0,  0],  0,  7, "ふ"],
[ 237, [ 104,   56,  0,  0],  0,  7, "へ"],
[ 238, [ 112,   56,  0,  0],  0,  7, "ほ"],
[ 239, [ 120,   56,  0,  0],  0,  6, "ま"],
[ 240, [ 128,   56,  0,  0],  0,  7, "み"],
[ 241, [ 136,   56,  0,  0],  0,  7, "む"],
[ 242, [ 144,   56,  0,  0],  0,  7, "め"],
[ 243, [ 152,   56,  0,  0],  0,  6, "も"],
[ 244, [ 160,   56,  0,  0],  0,  7, "や"],
[ 245, [ 168,   56,  0,  0],  0,  7, "ゆ"],
[ 246, [ 176,   56,  0,  0],  0,  6, "よ"],
[ 247, [ 184,   56,  0,  0],  0,  6, "ら"],
[ 248, [ 192,   56,  0,  0],  0,  6, "り"],
[ 249, [ 200,   56,  0,  0],  0,  6, "る"],
[ 250, [ 208,   56,  0,  0],  0,  7, "れ"],
[ 251, [ 216,   56,  0,  0],  0,  6, "ろ"],
[ 252, [ 224,   56,  0,  0],  0,  7, "わ"],
[ 253, [ 232,   56,  0,  0],  0,  7, "ん"],
[ 254, [ 240,   56,  0,  0],  0,  8, "þ"],
[ 255, [ 248,   56,  0,  0],  0,  8, "ÿ"]
